dense_units: 256
dropout: 0.45041514603761185
filters: 32
lr: 0.002730669330896971
