dense_units: 256
dropout: 0.42531580411530245
filters: 16
lr: 0.004019359475767034
